Number of patterns = 137

12345
21345
23145
23154
21354
12354
12345

12345
21345
23145
32145
31245
13245
12345

12345
21345
23145
23154
21354
12354
12345

12345
21345
23145
32145
31245
13245
12345

12345
21345
21354
12534
12354
13254
12345

12345
21345
21354
12354
13254
13245
12345

12345
21345
21435
21453
12453
12435
12345

12345
21345
21435
21453
12453
12435
12345

12345
21345
21354
12354
13254
13245
12345

12345
21345
21354
12534
21534
12354
12345

12345
21345
21435
21453
12453
12435
12345

12345
21345
21435
21453
12453
12435
12345

12345
21345
21354
12354
13254
13245
12345

12345
21345
23145
23154
21354
12354
12345

12345
21345
23145
32145
31245
13245
12345

12345
21345
23145
23154
21354
12354
12345

12345
21345
23145
32145
31245
13245
12345

12345
21345
21354
12534
12354
13254
12345

12345
13245
31245
32145
23145
21345
12345

12345
13245
31245
31254
13254
12354
12345

12345
13245
31245
31254
13254
12354
12345

12345
13245
31245
32145
23145
21345
12345

12345
13245
31425
31245
31254
13254
12345

12345
13245
13425
14325
14235
12435
12345

12345
13245
31245
32145
23145
21345
12345

12345
13245
31245
32145
23145
21345
12345

12345
13245
31245
31254
13254
12354
12345

12345
13245
31245
31254
13254
12354
12345

12345
13245
31245
32145
23145
21345
12345

12345
13245
13254
12354
21354
21345
12345

12345
13245
13254
12354
21354
21345
12345

12345
13245
13254
12354
21534
21354
12345

12345
13245
31245
31254
13524
13254
12345

12345
13245
31245
31254
13524
13254
12345

12345
13245
13254
12354
12534
21354
12345

12345
13245
31245
31254
31524
13254
12345

12345
13245
13254
12354
12534
21354
12345

12345
13245
13254
12354
21354
21345
12345

12345
13245
13254
12354
21354
21345
12345

12345
13245
31425
31245
31254
13254
12345

12345
13245
13425
14325
14235
12435
12345

12345
13245
31245
32145
23145
21345
12345

12345
13245
31245
32145
23145
21345
12345

12345
13245
31245
31254
13254
12354
12345

12345
13245
31245
31254
13254
12354
12345

12345
13245
31245
32145
23145
21345
12345

12345
12435
21435
21345
21354
12354
12345

12345
12435
21435
21345
21354
12354
12345

12345
12435
21435
21345
21354
12354
12345

12345
12435
14235
14325
13425
13245
12345

12345
12435
21345
23145
23154
21354
12345

12345
12435
21345
23145
23154
21354
12345

12345
12435
12453
21543
21453
21435
12345

12345
12435
12453
21453
21435
21345
12345

12345
12435
14235
14325
13425
13245
12345

12345
12435
14235
14325
13425
13245
12345

12345
12435
21435
21345
21354
12354
12345

12345
12435
21435
21345
21354
12354
12345

12345
12435
21435
21345
21354
12354
12345

12345
12435
21345
23145
23154
21354
12345

12345
12435
21345
23145
23154
21354
12345

12345
12354
13254
31254
31245
13245
12345

12345
12354
13254
31254
31245
13245
12345

12345
12354
21354
21345
21435
12435
12345

12345
12354
21354
21345
12435
21435
12345

12345
12354
21354
21345
12435
21435
12345

12345
12354
13254
31254
31245
13245
12345

12345
12354
13254
31254
31245
13245
12345

12345
12354
21354
23154
23145
21345
12345

12345
12354
21354
23154
23145
21345
12345

12345
12354
21354
23154
23145
21345
12345

12345
12354
12534
21534
21354
21345
12345

12345
12354
12534
21534
21354
21345
12345

12345
12354
21534
21354
21345
12435
12345

12345
12354
12534
21534
21354
21345
12345

12345
12354
13254
31254
31245
13245
12345

12345
12354
13254
31254
31245
13245
12345

12345
12354
21354
21345
21435
12435
12345

12345
12354
21354
21345
12435
21435
12345

12345
12354
21354
21345
12435
21435
12345

12345
12354
13254
31254
31245
13245
12345

12345
12354
13254
31254
31245
13245
12345

12345
12354
21354
23154
23145
21345
12345

12345
12354
21354
23154
23145
21345
12345

12345
12354
21354
23154
23145
21345
12345

12345
21435
21345
21354
12354
13254
12345

12345
21435
21345
23145
23154
21354
12345

12345
21435
21345
23145
23154
21354
12345

12345
21435
21345
21354
12354
13254
12345

12345
21435
21453
12543
12453
12435
12345

12345
21435
21345
21354
12534
12354
12345

12345
21435
21453
12453
12435
21345
12345

12345
21435
21453
21543
21534
12354
12345

12345
21435
21453
12453
12435
21345
12345

12345
21435
21345
23145
23154
21354
12345

12345
21435
21345
23145
23154
21354
12345

12345
21435
21345
21354
12354
13254
12345

12345
21354
23154
32154
31254
13254
12345

12345
21354
23154
32154
31254
13254
12345

12345
21354
23154
32154
31254
13254
12345

12345
21354
23154
32154
31254
13254
12345

12345
21354
23154
23145
21345
21435
12345

12345
21354
23154
23145
21345
21435
12345

12345
21354
21534
12534
12354
13254
12345

12345
21354
21534
12534
12354
13254
12345

12345
21354
21534
12354
13254
13245
12345

12345
21354
23154
23145
21345
21435
12345

12345
21354
23154
23145
21345
21435
12345

12345
21354
23154
23145
21345
12435
12345

12345
21354
23154
23145
21345
12435
12345

12345
21354
21534
12354
13254
13245
12345

12345
21354
23154
32154
31254
13254
12345

12345
21354
23154
32154
31254
13254
12345

12345
21354
23154
32154
31254
13254
12345

12345
21354
23154
32154
31254
13254
12345

12345
21354
23154
32154
31254
13254
12345

12345
21354
23154
32154
31254
13254
12345

12345
21354
21534
12534
12354
13254
12345

12345
21354
21534
12534
12354
13254
12345

12345
21354
21534
12534
12354
13254
12345

12345
13254
12354
12534
21534
21354
12345

12345
13254
12354
12534
21534
21354
12345

12345
13254
31254
32154
23154
21354
12345

12345
13254
12354
21534
21354
21345
12345

12345
13254
31254
31245
13425
13245
12345

12345
13254
12354
21354
21345
21435
12345

12345
13254
12354
21354
21345
21435
12345

12345
13254
12354
12534
21534
21354
12345

12345
13254
12354
12534
21534
21354
12345

12345
13254
12354
21534
12534
21354
12345

12345
13254
12354
21354
21345
12435
12345

12345
13254
12354
21354
21345
12435
12345

12345
13254
12354
21354
21345
12435
12345

12345
13254
12354
21354
21345
12435
12345

12345
13254
12354
12534
21534
21354
12345

12345
13254
12354
12534
21534
21354
12345

12345
13254
31254
32154
23154
21354
12345

