Number of sequences = 50

12345
21345
23145
21354
12345

12345
21345
21435
12435
12345

12345
21345
21354
12354
12345

12345
21345
12435
21435
12345

12345
21345
12354
21354
12345

12345
21345
12354
13254
12345

12345
21345
12354
13245
12345

12345
21345
23154
21354
12345

12345
13245
31245
13254
12345

12345
13245
13254
12354
12345

12345
13245
31254
13254
12345

12345
13245
12354
21354
12345

12345
13245
12354
13254
12345

12345
13245
12354
21345
12345

12345
12435
21435
21345
12345

12345
12435
12453
21435
12345

12345
12435
21345
21435
12345

12345
12435
21345
21354
12345

12345
12435
21345
12354
12345

12345
12435
21453
21435
12345

12345
12354
21354
21345
12345

12345
12354
13254
13245
12345

12345
12354
12534
21354
12345

12345
12354
21534
21354
12345

12345
12354
21345
21435
12345

12345
12354
21345
21354
12345

12345
12354
21345
12435
12345

12345
12354
13245
13254
12345

12345
21435
12435
21345
12345

12345
21435
21345
21354
12345

12345
21435
21345
12435
12345

12345
21435
21345
12354
12345

12345
21435
21453
12435
12345

12345
21435
12453
12435
12345

12345
21354
12354
13254
12345

12345
21354
12354
21345
12345

12345
21354
12354
13245
12345

12345
21354
23154
21345
12345

12345
21354
21534
12354
12345

12345
21354
21345
21435
12345

12345
21354
21345
12435
12345

12345
21354
21345
12354
12345

12345
21354
12534
12354
12345

12345
21354
23145
21345
12345

12345
13254
31254
13245
12345

12345
13254
12354
21354
12345

12345
13254
12354
21345
12345

12345
13254
12354
13245
12345

12345
13254
13245
12354
12345

12345
13254
31245
13245
12345

