Number of patterns = 30

1234
2134
2314
3214

1234
2134
2314
2341

1234
2134
2314
3241

1234
2134
2143
1243

1234
2134
2143
2413

1234
2134
1243
2143

1234
2134
1243
1423

1234
1324
3124
3214

1234
1324
3124
3142

1234
1324
3124
1342

1234
1324
1342
3142

1234
1324
1342
1432

1234
1324
1342
3124

1234
1324
3142
1342

1234
1324
3142
3412

1234
1324
3142
3124

1234
1243
2143
2413

1234
1243
2143
2134

1234
1243
1423
4123

1234
1243
1423
1432

1234
1243
1423
4132

1234
1243
2134
2314

1234
1243
2134
2143

1234
2143
1243
1423

1234
2143
1243
2134

1234
2143
2413
4213

1234
2143
2413
2431

1234
2143
2413
4231

1234
2143
2134
2314

1234
2143
2134
1243

