Number of patterns = 72

1234
2134
2314
3214
3124

1234
2134
2314
3214
3241

1234
2134
2314
3214
2341

1234
2134
2314
2341
3241

1234
2134
2314
2341
2431

1234
2134
2314
2341
3214

1234
2134
2314
3241
2341

1234
2134
2314
3241
3421

1234
2134
2314
3241
3214

1234
2134
2143
1243
1423

1234
2134
2143
2413
4213

1234
2134
2143
2413
2431

1234
2134
2143
2413
4231

1234
2134
1243
2143
2413

1234
2134
1243
1423
4123

1234
2134
1243
1423
1432

1234
2134
1243
1423
4132

1234
1324
3124
3214
2314

1234
1324
3124
3214
3241

1234
1324
3124
3214
2341

1234
1324
3124
3142
1342

1234
1324
3124
3142
3412

1234
1324
3124
1342
3142

1234
1324
3124
1342
1432

1234
1324
1342
3142
3412

1234
1324
1342
3142
3124

1234
1324
1342
1432
4132

1234
1324
1342
1432
1423

1234
1324
1342
1432
4123

1234
1324
1342
3124
3214

1234
1324
1342
3124
3142

1234
1324
3142
1342
1432

1234
1324
3142
1342
3124

1234
1324
3142
3412
4312

1234
1324
3142
3412
3421

1234
1324
3142
3412
4321

1234
1324
3142
3124
3214

1234
1324
3142
3124
1342

1234
1243
2143
2413
4213

1234
1243
2143
2413
2431

1234
1243
2143
2413
4231

1234
1243
2143
2134
2314

1234
1243
1423
4123
4213

1234
1243
1423
4123
4132

1234
1243
1423
4123
1432

1234
1243
1423
1432
4132

1234
1243
1423
1432
1342

1234
1243
1423
1432
4123

1234
1243
1423
4132
1432

1234
1243
1423
4132
4312

1234
1243
1423
4132
4123

1234
1243
2134
2314
3214

1234
1243
2134
2314
2341

1234
1243
2134
2314
3241

1234
1243
2134
2143
2413

1234
2143
1243
1423
4123

1234
2143
1243
1423
1432

1234
2143
1243
1423
4132

1234
2143
1243
2134
2314

1234
2143
2413
4213
4123

1234
2143
2413
4213
4231

1234
2143
2413
4213
2431

1234
2143
2413
2431
4231

1234
2143
2413
2431
2341

1234
2143
2413
2431
4213

1234
2143
2413
4231
2431

1234
2143
2413
4231
4321

1234
2143
2413
4231
4213

1234
2143
2134
2314
3214

1234
2143
2134
2314
2341

1234
2143
2134
2314
3241

1234
2143
2134
1243
1423

